23.1 45.6
12.3 78.9
56.7 34.5
89.0 12.3
45.6 78.9
34.5 56.7
12.3 89.0
78.9 23.1
34.5 67.8
56.7 23.1
78.9 45.6
12.3 34.5
45.6 12.3
67.8 34.5
23.1 56.7
45.6 89.0
78.9 67.8
34.5 12.3
56.7 45.6
78.9 89.0
12.3 67.8
45.6 23.1
67.8 56.7
23.1 78.9
56.7 12.3
78.9 45.6
34.5 67.8
12.3 23.1
45.6 56.7
67.8 78.9
23.1 34.5
56.7 67.8
78.9 12.3
34.5 45.6
12.3 67.8
45.6 23.1
67.8 56.7
23.1 78.9
56.7 34.5
78.9 12.3
34.5 45.6
12.3 67.8
45.6 23.1
67.8 56.7
23.1 78.9
56.7 34.5
78.9 12.3
34.5 45.6
12.3 67.8
90.1 80.2
70.3 60.4
50.5 40.6
30.7 20.8
10.9 0.1
95.2 85.3
75.4 65.5
55.6 45.7
35.8 25.9
15.0 5.1
98.2 88.3
78.4 68.5
58.6 48.7
38.8 28.9
18.0 8.1
93.2 83.3
73.4 63.5
53.6 43.7
33.8 23.9
13.0 3.1
96.2 86.3
76.4 66.5
56.6 46.7
36.8 26.9
16.0 6.1
91.2 81.3
71.4 61.5
51.6 41.7
31.8 21.9
11.0 1.1
94.2 84.3
74.4 64.5
54.6 44.7
34.8 24.9
14.0 4.1
97.2 87.3
77.4 67.5
57.6 47.7
37.8 27.9
17.0 7.1
92.2 82.3
72.4 62.5
52.6 42.7
32.8 22.9
12.0 2.1
89.2 79.3
69.4 59.5
49.6 39.7
29.8 19.9
9.0 0.9 
