81.4 60.3
72.9 56.8
11.4 13.5
31.5 37.2
52.3 64.9
95.1 78.6
23.7 45.2
67.8 29.4
88.2 91.7
14.6 82.3
39.5 18.9
76.1 53.4
25.8 67.2
58.3 41.7
92.6 35.1
47.9 74.8
63.2 28.5
19.7 86.4
84.1 52.9
36.4 69.3
71.8 15.6
28.3 58.7
55.6 83.2
89.9 24.1
42.7 71.5
66.1 38.9
17.4 65.8
73.2 49.3
94.5 82.7
21.8 36.4
48.3 59.1
75.6 27.8
32.9 74.2
87.1 43.6
54.4 68.9
26.7 51.3
69.8 85.7
43.2 19.4
78.5 62.8
35.1 46.2
91.4 73.6
18.7 29.9
57.9 84.3
74.2 37.5
29.6 61.8
82.8 48.1
46.3 75.4
63.7 32.7
27.1 69.2
85.4 54.6
41.8 78.9
68.2 25.3
33.5 67.1
79.9 42.4
56.1 86.8
22.4 53.7
88.7 31.2
45.1 74.5
71.6 49.8
38.9 83.1
65.3 26.4
92.7 68.7
49.2 35.9
76.5 72.3
24.8 58.6
81.1 44.1
37.4 79.4
53.8 51.7
70.2 87.2
46.6 33.5
83.9 69.8
29.3 46.2
75.7 82.5
42.1 28.8
68.4 65.1
95.8 41.4
51.2 77.7
27.5 54.3
84.3 39.6
40.7 73.9
67.1 50.2
93.4 86.5
48.8 32.8
75.2 69.1
31.6 45.4
58.9 81.7
85.7 57.3
44.3 74.6
71.9 38.2
28.2 65.8
54.6 92.1
81.8 49.5
47.1 76.2
73.4 33.9
39.7 70.3
66.2 56.7
92.5 83.4
55.8 29.1
78.1 66.4
